Rows Columns Xmin Xmax Ymin Ymax Search_Density Global_Minimum Xpos Ypos Search_Time
10 10 -10.0 10.0 -10.0 10.0 0.1 -30620 -2.0 6.0 5
10 10 -10.0 10.0 -10.0 10.0 0.2 -32205 -8.0 6.0 0
10 10 -10.0 10.0 -10.0 10.0 0.3 -32205 -8.0 6.0 0
10 10 -10.0 10.0 -10.0 10.0 0.4 -32205 -8.0 6.0 0
10 10 -10.0 10.0 -10.0 10.0 0.5 -32205 -8.0 6.0 0
10 10 -10.0 10.0 -10.0 10.0 0.6 -32205 -8.0 6.0 0
10 10 -10.0 10.0 -10.0 10.0 0.7 -32205 -8.0 6.0 0
10 10 -10.0 10.0 -10.0 10.0 0.8 -32205 -8.0 6.0 2
10 10 -10.0 10.0 -10.0 10.0 0.9 -32205 -8.0 6.0 0
10 10 -10.0 10.0 -10.0 10.0 1.0 -32205 -8.0 6.0 0
10 10 -100.0 100.0 -100.0 100.0 0.1 -1499 -80.0 0.0 0
10 10 -100.0 100.0 -100.0 100.0 0.2 -1499 -80.0 0.0 1
10 10 -100.0 100.0 -100.0 100.0 0.3 -1499 -80.0 0.0 0
10 10 -100.0 100.0 -100.0 100.0 0.4 -1499 -80.0 0.0 0
10 10 -100.0 100.0 -100.0 100.0 0.5 -1499 -80.0 0.0 1
10 10 -100.0 100.0 -100.0 100.0 0.6 -1499 -80.0 0.0 0
10 10 -100.0 100.0 -100.0 100.0 0.7 -1499 -80.0 0.0 1
10 10 -100.0 100.0 -100.0 100.0 0.8 -1499 -80.0 0.0 1
10 10 -100.0 100.0 -100.0 100.0 0.9 -1499 -80.0 0.0 0
10 10 -100.0 100.0 -100.0 100.0 1.0 -1499 -80.0 0.0 5
10 10 -1000.0 1000.0 -1000.0 1000.0 0.1 499 800.0 0.0 0
10 10 -1000.0 1000.0 -1000.0 1000.0 0.2 499 800.0 0.0 0
10 10 -1000.0 1000.0 -1000.0 1000.0 0.3 499 800.0 0.0 0
10 10 -1000.0 1000.0 -1000.0 1000.0 0.4 499 800.0 0.0 1
10 10 -1000.0 1000.0 -1000.0 1000.0 0.5 499 800.0 0.0 0
10 10 -1000.0 1000.0 -1000.0 1000.0 0.6 499 800.0 0.0 0
10 10 -1000.0 1000.0 -1000.0 1000.0 0.7 499 800.0 0.0 0
10 10 -1000.0 1000.0 -1000.0 1000.0 0.8 499 800.0 0.0 0
10 10 -1000.0 1000.0 -1000.0 1000.0 0.9 499 800.0 0.0 0
10 10 -1000.0 1000.0 -1000.0 1000.0 1.0 499 800.0 0.0 0
10 10 -5000.0 5000.0 -5000.0 5000.0 0.1 -222 2000.0 0.0 1
10 10 -5000.0 5000.0 -5000.0 5000.0 0.2 -1380 -5000.0 0.0 1
10 10 -5000.0 5000.0 -5000.0 5000.0 0.3 -1380 -5000.0 0.0 0
10 10 -5000.0 5000.0 -5000.0 5000.0 0.4 -1380 -5000.0 0.0 2
10 10 -5000.0 5000.0 -5000.0 5000.0 0.5 -1380 -5000.0 0.0 6
10 10 -5000.0 5000.0 -5000.0 5000.0 0.6 -1380 -5000.0 0.0 1
10 10 -5000.0 5000.0 -5000.0 5000.0 0.7 -1380 -5000.0 0.0 1
10 10 -5000.0 5000.0 -5000.0 5000.0 0.8 -1380 -5000.0 0.0 1
10 10 -5000.0 5000.0 -5000.0 5000.0 0.9 -1380 -5000.0 0.0 0
10 10 -5000.0 5000.0 -5000.0 5000.0 1.0 -1380 -5000.0 0.0 0
100 100 -10.0 10.0 -10.0 10.0 0.1 -44841 -1.5999999999999996 6.199999999999999 2
100 100 -10.0 10.0 -10.0 10.0 0.2 -44841 -1.5999999999999996 6.199999999999999 2
100 100 -10.0 10.0 -10.0 10.0 0.3 -44841 -1.5999999999999996 6.199999999999999 1
100 100 -10.0 10.0 -10.0 10.0 0.4 -44841 -1.5999999999999996 6.199999999999999 1
100 100 -10.0 10.0 -10.0 10.0 0.5 -44841 -1.5999999999999996 6.199999999999999 1
100 100 -10.0 10.0 -10.0 10.0 0.6 -44841 -1.5999999999999996 6.199999999999999 1
100 100 -10.0 10.0 -10.0 10.0 0.7 -44841 -1.5999999999999996 6.199999999999999 1
100 100 -10.0 10.0 -10.0 10.0 0.8 -44841 -1.5999999999999996 6.199999999999999 2
100 100 -10.0 10.0 -10.0 10.0 0.9 -44841 -1.5999999999999996 6.199999999999999 2
100 100 -10.0 10.0 -10.0 10.0 1.0 -44841 -1.5999999999999996 6.199999999999999 3
100 100 -100.0 100.0 -100.0 100.0 0.1 -32253 36.0 6.0 0
100 100 -100.0 100.0 -100.0 100.0 0.2 -32295 80.0 6.0 7
100 100 -100.0 100.0 -100.0 100.0 0.3 -32295 80.0 6.0 1
100 100 -100.0 100.0 -100.0 100.0 0.4 -32295 80.0 6.0 1
100 100 -100.0 100.0 -100.0 100.0 0.5 -32295 80.0 6.0 1
100 100 -100.0 100.0 -100.0 100.0 0.6 -32295 80.0 6.0 6
100 100 -100.0 100.0 -100.0 100.0 0.7 -32295 80.0 6.0 8
100 100 -100.0 100.0 -100.0 100.0 0.8 -32295 80.0 6.0 1
100 100 -100.0 100.0 -100.0 100.0 0.9 -32295 80.0 6.0 1
100 100 -100.0 100.0 -100.0 100.0 1.0 -32295 80.0 6.0 1
100 100 -1000.0 1000.0 -1000.0 1000.0 0.1 -1226 140.0 0.0 1
100 100 -1000.0 1000.0 -1000.0 1000.0 0.2 -1616 -300.0 0.0 1
100 100 -1000.0 1000.0 -1000.0 1000.0 0.3 -1616 -300.0 0.0 1
100 100 -1000.0 1000.0 -1000.0 1000.0 0.4 -1616 -300.0 0.0 3
100 100 -1000.0 1000.0 -1000.0 1000.0 0.5 -1616 -300.0 0.0 1
100 100 -1000.0 1000.0 -1000.0 1000.0 0.6 -1616 -300.0 0.0 1
100 100 -1000.0 1000.0 -1000.0 1000.0 0.7 -1616 -300.0 0.0 2
100 100 -1000.0 1000.0 -1000.0 1000.0 0.8 -1616 -300.0 0.0 3
100 100 -1000.0 1000.0 -1000.0 1000.0 0.9 -1616 -300.0 0.0 3
100 100 -1000.0 1000.0 -1000.0 1000.0 1.0 -1616 -300.0 0.0 3
100 100 -5000.0 5000.0 -5000.0 5000.0 0.1 -1616 -300.0 0.0 3
100 100 -5000.0 5000.0 -5000.0 5000.0 0.2 -1616 -300.0 0.0 2
100 100 -5000.0 5000.0 -5000.0 5000.0 0.3 -1616 -300.0 0.0 0
100 100 -5000.0 5000.0 -5000.0 5000.0 0.4 -1616 -300.0 0.0 1
100 100 -5000.0 5000.0 -5000.0 5000.0 0.5 -1616 -300.0 0.0 1
100 100 -5000.0 5000.0 -5000.0 5000.0 0.6 -1616 -300.0 0.0 1
100 100 -5000.0 5000.0 -5000.0 5000.0 0.7 -1616 -300.0 0.0 1
100 100 -5000.0 5000.0 -5000.0 5000.0 0.8 -1616 -300.0 0.0 4
100 100 -5000.0 5000.0 -5000.0 5000.0 0.9 -1616 -300.0 0.0 1
100 100 -5000.0 5000.0 -5000.0 5000.0 1.0 -1616 -300.0 0.0 1
1000 1000 -10.0 10.0 -10.0 10.0 0.1 -77491 -7.859999999999999 6.280000000000001 50
1000 1000 -10.0 10.0 -10.0 10.0 0.2 -77491 -1.58 6.280000000000001 47
1000 1000 -10.0 10.0 -10.0 10.0 0.3 -77491 -1.58 6.280000000000001 47
1000 1000 -10.0 10.0 -10.0 10.0 0.4 -77491 -1.58 6.280000000000001 47
1000 1000 -10.0 10.0 -10.0 10.0 0.5 -77491 -7.859999999999999 6.280000000000001 48
1000 1000 -10.0 10.0 -10.0 10.0 0.6 -77491 -7.859999999999999 6.280000000000001 49
1000 1000 -10.0 10.0 -10.0 10.0 0.7 -77491 4.720000000000001 6.280000000000001 41
1000 1000 -10.0 10.0 -10.0 10.0 0.8 -77491 -1.58 6.280000000000001 47
1000 1000 -10.0 10.0 -10.0 10.0 0.9 -77491 -1.58 6.280000000000001 60
1000 1000 -10.0 10.0 -10.0 10.0 1.0 -77491 -7.859999999999999 6.280000000000001 72
1000 1000 -100.0 100.0 -100.0 100.0 0.1 -44849 -64.4 6.200000000000003 79
1000 1000 -100.0 100.0 -100.0 100.0 0.2 -44849 -64.4 6.200000000000003 56
1000 1000 -100.0 100.0 -100.0 100.0 0.3 -44849 86.4 6.200000000000003 55
1000 1000 -100.0 100.0 -100.0 100.0 0.4 -44849 86.4 6.200000000000003 62
1000 1000 -100.0 100.0 -100.0 100.0 0.5 -44849 86.4 6.200000000000003 64
1000 1000 -100.0 100.0 -100.0 100.0 0.6 -44849 86.4 6.200000000000003 60
1000 1000 -100.0 100.0 -100.0 100.0 0.7 -44849 -64.4 6.200000000000003 59
1000 1000 -100.0 100.0 -100.0 100.0 0.8 -44849 11.0 6.200000000000003 53
1000 1000 -100.0 100.0 -100.0 100.0 0.9 -44849 86.4 6.200000000000003 53
1000 1000 -100.0 100.0 -100.0 100.0 1.0 -44849 -64.4 6.200000000000003 55
1000 1000 -1000.0 1000.0 -1000.0 1000.0 0.1 -32416 344.0 6.0 30
1000 1000 -1000.0 1000.0 -1000.0 1000.0 0.2 -32416 -366.0 6.0 33
1000 1000 -1000.0 1000.0 -1000.0 1000.0 0.3 -32416 344.0 6.0 44
1000 1000 -1000.0 1000.0 -1000.0 1000.0 0.4 -32416 344.0 6.0 44
1000 1000 -1000.0 1000.0 -1000.0 1000.0 0.5 -32416 344.0 6.0 89
1000 1000 -1000.0 1000.0 -1000.0 1000.0 0.6 -32416 344.0 6.0 54
1000 1000 -1000.0 1000.0 -1000.0 1000.0 0.7 -32416 -366.0 6.0 60
1000 1000 -1000.0 1000.0 -1000.0 1000.0 0.8 -32416 344.0 6.0 60
1000 1000 -1000.0 1000.0 -1000.0 1000.0 0.9 -32416 344.0 6.0 54
1000 1000 -1000.0 1000.0 -1000.0 1000.0 1.0 -32416 -366.0 6.0 67
1000 1000 -5000.0 5000.0 -5000.0 5000.0 0.1 -1616 -3850.0 0.0 18
1000 1000 -5000.0 5000.0 -5000.0 5000.0 0.2 -1616 1120.0 0.0 34
1000 1000 -5000.0 5000.0 -5000.0 5000.0 0.3 -1616 1120.0 0.0 62
1000 1000 -5000.0 5000.0 -5000.0 5000.0 0.4 -1616 -2430.0 0.0 44
1000 1000 -5000.0 5000.0 -5000.0 5000.0 0.5 -1616 3250.0 0.0 42
1000 1000 -5000.0 5000.0 -5000.0 5000.0 0.6 -1616 1830.0 0.0 57
1000 1000 -5000.0 5000.0 -5000.0 5000.0 0.7 -1616 3250.0 0.0 55
1000 1000 -5000.0 5000.0 -5000.0 5000.0 0.8 -1616 -1720.0 0.0 60
1000 1000 -5000.0 5000.0 -5000.0 5000.0 0.9 -1616 3960.0 0.0 57
1000 1000 -5000.0 5000.0 -5000.0 5000.0 1.0 -1616 4670.0 0.0 63
5000 5000 -10.0 10.0 -10.0 10.0 0.1 -91126 -7.852 6.283999999999999 1000
5000 5000 -10.0 10.0 -10.0 10.0 0.2 -91126 -1.58 6.283999999999999 1064
5000 5000 -10.0 10.0 -10.0 10.0 0.3 -91126 -7.859999999999999 6.283999999999999 1109
5000 5000 -10.0 10.0 -10.0 10.0 0.4 -91126 -1.58 6.283999999999999 1098
5000 5000 -10.0 10.0 -10.0 10.0 0.5 -91126 -1.5719999999999992 6.283999999999999 1147
5000 5000 -10.0 10.0 -10.0 10.0 0.6 -91126 -1.5760000000000005 6.283999999999999 1256
5000 5000 -10.0 10.0 -10.0 10.0 0.7 -91126 -1.5760000000000005 6.283999999999999 1232
5000 5000 -10.0 10.0 -10.0 10.0 0.8 -91126 -1.5719999999999992 6.283999999999999 1304
5000 5000 -10.0 10.0 -10.0 10.0 0.9 -91126 4.712 6.283999999999999 1320
5000 5000 -10.0 10.0 -10.0 10.0 1.0 -91126 -1.5679999999999996 6.283999999999999 1423
5000 5000 -100.0 100.0 -100.0 100.0 0.1 -77492 98.96000000000001 6.280000000000001 1136
5000 5000 -100.0 100.0 -100.0 100.0 0.2 -77492 -58.12 6.280000000000001 1222
5000 5000 -100.0 100.0 -100.0 100.0 0.3 -77492 23.560000000000002 6.280000000000001 1177
5000 5000 -100.0 100.0 -100.0 100.0 0.4 -77492 -58.12 6.280000000000001 1205
5000 5000 -100.0 100.0 -100.0 100.0 0.5 -77492 -58.12 6.280000000000001 1359
5000 5000 -100.0 100.0 -100.0 100.0 0.6 -77492 23.560000000000002 6.280000000000001 1347
5000 5000 -100.0 100.0 -100.0 100.0 0.7 -77492 98.96000000000001 6.280000000000001 1416
5000 5000 -100.0 100.0 -100.0 100.0 0.8 -77492 23.560000000000002 6.280000000000001 1404
5000 5000 -100.0 100.0 -100.0 100.0 0.9 -77492 17.28 6.280000000000001 1437
5000 5000 -100.0 100.0 -100.0 100.0 1.0 -77492 98.96000000000001 6.280000000000001 1451
5000 5000 -1000.0 1000.0 -1000.0 1000.0 0.1 -41437 -925.2 6.400000000000091 700
5000 5000 -1000.0 1000.0 -1000.0 1000.0 0.2 -41437 86.40000000000009 6.400000000000091 991
5000 5000 -1000.0 1000.0 -1000.0 1000.0 0.3 -41437 86.40000000000009 6.400000000000091 1215
5000 5000 -1000.0 1000.0 -1000.0 1000.0 0.4 -41437 796.4000000000001 6.400000000000091 1375
5000 5000 -1000.0 1000.0 -1000.0 1000.0 0.5 -41437 344.0 6.400000000000091 1496
5000 5000 -1000.0 1000.0 -1000.0 1000.0 0.6 -41437 796.4000000000001 6.400000000000091 1571
5000 5000 -1000.0 1000.0 -1000.0 1000.0 0.7 -41437 494.8000000000002 6.400000000000091 1726
5000 5000 -1000.0 1000.0 -1000.0 1000.0 0.8 -41437 -774.4 6.400000000000091 1737
5000 5000 -1000.0 1000.0 -1000.0 1000.0 0.9 -41437 -774.4 6.400000000000091 1767
5000 5000 -1000.0 1000.0 -1000.0 1000.0 1.0 -41437 -774.4 6.400000000000091 1775
5000 5000 -5000.0 5000.0 -5000.0 5000.0 0.1 -32416 -4626.0 6.0 564
5000 5000 -5000.0 5000.0 -5000.0 5000.0 0.2 -32416 3894.0 6.0 837
5000 5000 -5000.0 5000.0 -5000.0 5000.0 0.3 -32416 -1076.0 6.0 1123
5000 5000 -5000.0 5000.0 -5000.0 5000.0 0.4 -32416 -3916.0 6.0 1414
5000 5000 -5000.0 5000.0 -5000.0 5000.0 0.5 -32416 -3916.0 6.0 1413
5000 5000 -5000.0 5000.0 -5000.0 5000.0 0.6 -32416 -1076.0 6.0 1614
5000 5000 -5000.0 5000.0 -5000.0 5000.0 0.7 -32416 344.0 6.0 1647
5000 5000 -5000.0 5000.0 -5000.0 5000.0 0.8 -32416 3894.0 6.0 1743
5000 5000 -5000.0 5000.0 -5000.0 5000.0 0.9 -32416 -1786.0 6.0 1802
5000 5000 -5000.0 5000.0 -5000.0 5000.0 1.0 -32416 3184.0 6.0 1927
