Rows Columns Xmin Xmax Ymin Ymax Search_Density Global_Minimum Xpos Ypos Search_Time
10 10 -10.0 10.0 -10.0 10.0 0.1 10000 2.0 4.0 1
10 10 -10.0 10.0 -10.0 10.0 0.2 10000 0.0 0.0 0
10 10 -10.0 10.0 -10.0 10.0 0.3 10000 0.0 0.0 1
10 10 -10.0 10.0 -10.0 10.0 0.4 10000 0.0 0.0 1
10 10 -10.0 10.0 -10.0 10.0 0.5 10000 0.0 0.0 1
10 10 -10.0 10.0 -10.0 10.0 0.6 10000 0.0 0.0 2
10 10 -10.0 10.0 -10.0 10.0 0.7 10000 0.0 0.0 0
10 10 -10.0 10.0 -10.0 10.0 0.8 10000 0.0 0.0 0
10 10 -10.0 10.0 -10.0 10.0 0.9 10000 0.0 0.0 0
10 10 -10.0 10.0 -10.0 10.0 1.0 10000 0.0 0.0 0
10 10 -100.0 100.0 -100.0 100.0 0.1 2147483647 -80.0 -100.0 0
10 10 -100.0 100.0 -100.0 100.0 0.2 10000 0.0 0.0 0
10 10 -100.0 100.0 -100.0 100.0 0.3 10000 0.0 0.0 1
10 10 -100.0 100.0 -100.0 100.0 0.4 10000 0.0 0.0 1
10 10 -100.0 100.0 -100.0 100.0 0.5 10000 0.0 0.0 1
10 10 -100.0 100.0 -100.0 100.0 0.6 10000 0.0 0.0 0
10 10 -100.0 100.0 -100.0 100.0 0.7 10000 0.0 0.0 0
10 10 -100.0 100.0 -100.0 100.0 0.8 10000 0.0 0.0 1
10 10 -100.0 100.0 -100.0 100.0 0.9 10000 0.0 0.0 1
10 10 -100.0 100.0 -100.0 100.0 1.0 10000 0.0 0.0 1
10 10 -1000.0 1000.0 -1000.0 1000.0 0.1 10000 0.0 0.0 0
10 10 -1000.0 1000.0 -1000.0 1000.0 0.2 10000 0.0 0.0 0
10 10 -1000.0 1000.0 -1000.0 1000.0 0.3 10000 0.0 0.0 1
10 10 -1000.0 1000.0 -1000.0 1000.0 0.4 10000 0.0 0.0 0
10 10 -1000.0 1000.0 -1000.0 1000.0 0.5 10000 0.0 0.0 1
10 10 -1000.0 1000.0 -1000.0 1000.0 0.6 10000 0.0 0.0 1
10 10 -1000.0 1000.0 -1000.0 1000.0 0.7 10000 0.0 0.0 1
10 10 -1000.0 1000.0 -1000.0 1000.0 0.8 10000 0.0 0.0 0
10 10 -1000.0 1000.0 -1000.0 1000.0 0.9 10000 0.0 0.0 0
10 10 -1000.0 1000.0 -1000.0 1000.0 1.0 10000 0.0 0.0 0
10 10 -5000.0 5000.0 -5000.0 5000.0 0.1 2147483647 0.0 -5000.0 1
10 10 -5000.0 5000.0 -5000.0 5000.0 0.2 10000 0.0 0.0 1
10 10 -5000.0 5000.0 -5000.0 5000.0 0.3 2147483647 -5000.0 -5000.0 0
10 10 -5000.0 5000.0 -5000.0 5000.0 0.4 10000 0.0 0.0 1
10 10 -5000.0 5000.0 -5000.0 5000.0 0.5 10000 0.0 0.0 0
10 10 -5000.0 5000.0 -5000.0 5000.0 0.6 10000 0.0 0.0 0
10 10 -5000.0 5000.0 -5000.0 5000.0 0.7 10000 0.0 0.0 0
10 10 -5000.0 5000.0 -5000.0 5000.0 0.8 10000 0.0 0.0 0
10 10 -5000.0 5000.0 -5000.0 5000.0 0.9 10000 0.0 0.0 0
10 10 -5000.0 5000.0 -5000.0 5000.0 1.0 10000 0.0 0.0 0
100 100 -10.0 10.0 -10.0 10.0 0.1 0 0.20000000000000107 0.0 1
100 100 -10.0 10.0 -10.0 10.0 0.2 0 -8.4 2.0 1
100 100 -10.0 10.0 -10.0 10.0 0.3 0 9.400000000000002 -3.0 1
100 100 -10.0 10.0 -10.0 10.0 0.4 0 7.600000000000001 -3.0 2
100 100 -10.0 10.0 -10.0 10.0 0.5 0 0.20000000000000107 0.0 1
100 100 -10.0 10.0 -10.0 10.0 0.6 0 -9.4 2.4000000000000004 2
100 100 -10.0 10.0 -10.0 10.0 0.7 0 -2.8 7.800000000000001 4
100 100 -10.0 10.0 -10.0 10.0 0.8 0 -10.0 0.0 4
100 100 -10.0 10.0 -10.0 10.0 0.9 0 9.8 5.0 2
100 100 -10.0 10.0 -10.0 10.0 1.0 0 0.20000000000000107 0.0 1
100 100 -100.0 100.0 -100.0 100.0 0.1 10000 0.0 0.0 0
100 100 -100.0 100.0 -100.0 100.0 0.2 10000 0.0 0.0 1
100 100 -100.0 100.0 -100.0 100.0 0.3 10000 0.0 0.0 1
100 100 -100.0 100.0 -100.0 100.0 0.4 10000 0.0 0.0 2
100 100 -100.0 100.0 -100.0 100.0 0.5 10000 0.0 0.0 1
100 100 -100.0 100.0 -100.0 100.0 0.6 10000 2.0 4.0 2
100 100 -100.0 100.0 -100.0 100.0 0.7 10000 0.0 0.0 1
100 100 -100.0 100.0 -100.0 100.0 0.8 10000 2.0 4.0 1
100 100 -100.0 100.0 -100.0 100.0 0.9 10000 0.0 0.0 1
100 100 -100.0 100.0 -100.0 100.0 1.0 10000 0.0 0.0 1
100 100 -1000.0 1000.0 -1000.0 1000.0 0.1 10000 0.0 0.0 1
100 100 -1000.0 1000.0 -1000.0 1000.0 0.2 10000 0.0 0.0 0
100 100 -1000.0 1000.0 -1000.0 1000.0 0.3 10000 0.0 0.0 1
100 100 -1000.0 1000.0 -1000.0 1000.0 0.4 10000 0.0 0.0 1
100 100 -1000.0 1000.0 -1000.0 1000.0 0.5 10000 0.0 0.0 0
100 100 -1000.0 1000.0 -1000.0 1000.0 0.6 10000 0.0 0.0 0
100 100 -1000.0 1000.0 -1000.0 1000.0 0.7 10000 0.0 0.0 0
100 100 -1000.0 1000.0 -1000.0 1000.0 0.8 10000 0.0 0.0 1
100 100 -1000.0 1000.0 -1000.0 1000.0 0.9 10000 0.0 0.0 0
100 100 -1000.0 1000.0 -1000.0 1000.0 1.0 10000 0.0 0.0 1
100 100 -5000.0 5000.0 -5000.0 5000.0 0.1 10000 0.0 0.0 1
100 100 -5000.0 5000.0 -5000.0 5000.0 0.2 2147483647 3300.0 500.0 0
100 100 -5000.0 5000.0 -5000.0 5000.0 0.3 2147483647 3800.0 -2300.0 0
100 100 -5000.0 5000.0 -5000.0 5000.0 0.4 10000 0.0 0.0 1
100 100 -5000.0 5000.0 -5000.0 5000.0 0.5 10000 0.0 0.0 0
100 100 -5000.0 5000.0 -5000.0 5000.0 0.6 10000 0.0 0.0 1
100 100 -5000.0 5000.0 -5000.0 5000.0 0.7 10000 0.0 0.0 0
100 100 -5000.0 5000.0 -5000.0 5000.0 0.8 10000 0.0 0.0 1
100 100 -5000.0 5000.0 -5000.0 5000.0 0.9 10000 0.0 0.0 1
100 100 -5000.0 5000.0 -5000.0 5000.0 1.0 2147483647 3900.0 -3000.0 0
1000 1000 -10.0 10.0 -10.0 10.0 0.1 0 -0.09999999999999964 -8.78 18
1000 1000 -10.0 10.0 -10.0 10.0 0.2 0 5.16 9.3 19
1000 1000 -10.0 10.0 -10.0 10.0 0.3 0 9.740000000000002 6.02 32
1000 1000 -10.0 10.0 -10.0 10.0 0.4 0 -0.08000000000000007 5.120000000000001 22
1000 1000 -10.0 10.0 -10.0 10.0 0.5 0 -6.199999999999999 -3.7 23
1000 1000 -10.0 10.0 -10.0 10.0 0.6 0 9.64 6.100000000000001 25
1000 1000 -10.0 10.0 -10.0 10.0 0.7 0 9.059999999999999 1.7200000000000006 33
1000 1000 -10.0 10.0 -10.0 10.0 0.8 0 6.059999999999999 -9.18 35
1000 1000 -10.0 10.0 -10.0 10.0 0.9 0 -6.38 6.48 27
1000 1000 -10.0 10.0 -10.0 10.0 1.0 0 3.08 7.640000000000001 24
1000 1000 -100.0 100.0 -100.0 100.0 0.1 0 25.400000000000006 37.0 8
1000 1000 -100.0 100.0 -100.0 100.0 0.2 0 99.60000000000002 -78.6 11
1000 1000 -100.0 100.0 -100.0 100.0 0.3 0 55.80000000000001 8.600000000000009 18
1000 1000 -100.0 100.0 -100.0 100.0 0.4 0 -80.6 15.200000000000003 20
1000 1000 -100.0 100.0 -100.0 100.0 0.5 0 46.80000000000001 55.0 26
1000 1000 -100.0 100.0 -100.0 100.0 0.6 0 -19.0 18.200000000000003 28
1000 1000 -100.0 100.0 -100.0 100.0 0.7 0 -40.0 19.200000000000003 20
1000 1000 -100.0 100.0 -100.0 100.0 0.8 0 -40.8 -69.6 34
1000 1000 -100.0 100.0 -100.0 100.0 0.9 0 1.8000000000000114 -1.5999999999999943 39
1000 1000 -100.0 100.0 -100.0 100.0 1.0 0 -52.4 -35.2 40
1000 1000 -1000.0 1000.0 -1000.0 1000.0 0.1 10000 2.0 4.0 5
1000 1000 -1000.0 1000.0 -1000.0 1000.0 0.2 10000 2.0 4.0 12
1000 1000 -1000.0 1000.0 -1000.0 1000.0 0.3 10000 2.0 4.0 21
1000 1000 -1000.0 1000.0 -1000.0 1000.0 0.4 10000 0.0 0.0 21
1000 1000 -1000.0 1000.0 -1000.0 1000.0 0.5 10000 2.0 4.0 25
1000 1000 -1000.0 1000.0 -1000.0 1000.0 0.6 10000 2.0 4.0 28
1000 1000 -1000.0 1000.0 -1000.0 1000.0 0.7 10000 2.0 4.0 32
1000 1000 -1000.0 1000.0 -1000.0 1000.0 0.8 10000 0.0 0.0 45
1000 1000 -1000.0 1000.0 -1000.0 1000.0 0.9 10000 2.0 4.0 50
1000 1000 -1000.0 1000.0 -1000.0 1000.0 1.0 10000 2.0 4.0 24
1000 1000 -5000.0 5000.0 -5000.0 5000.0 0.1 10000 0.0 0.0 6
1000 1000 -5000.0 5000.0 -5000.0 5000.0 0.2 10000 0.0 0.0 13
1000 1000 -5000.0 5000.0 -5000.0 5000.0 0.3 10000 0.0 0.0 14
1000 1000 -5000.0 5000.0 -5000.0 5000.0 0.4 10000 0.0 0.0 18
1000 1000 -5000.0 5000.0 -5000.0 5000.0 0.5 10000 0.0 0.0 18
1000 1000 -5000.0 5000.0 -5000.0 5000.0 0.6 10000 0.0 0.0 17
1000 1000 -5000.0 5000.0 -5000.0 5000.0 0.7 10000 0.0 0.0 32
1000 1000 -5000.0 5000.0 -5000.0 5000.0 0.8 10000 0.0 0.0 22
1000 1000 -5000.0 5000.0 -5000.0 5000.0 0.9 10000 0.0 0.0 23
1000 1000 -5000.0 5000.0 -5000.0 5000.0 1.0 10000 0.0 0.0 53
5000 5000 -10.0 10.0 -10.0 10.0 0.1 0 -3.1639999999999997 0.040000000000000924 341
5000 5000 -10.0 10.0 -10.0 10.0 0.2 0 -2.7119999999999997 -0.5039999999999996 495
5000 5000 -10.0 10.0 -10.0 10.0 0.3 0 3.120000000000001 1.572000000000001 586
5000 5000 -10.0 10.0 -10.0 10.0 0.4 0 -3.5759999999999996 -8.676 623
5000 5000 -10.0 10.0 -10.0 10.0 0.5 0 9.844000000000001 -1.6400000000000006 691
5000 5000 -10.0 10.0 -10.0 10.0 0.6 0 2.9239999999999995 3.796000000000001 778
5000 5000 -10.0 10.0 -10.0 10.0 0.7 0 -7.9399999999999995 -6.824 646
5000 5000 -10.0 10.0 -10.0 10.0 0.8 0 6.420000000000002 9.732 707
5000 5000 -10.0 10.0 -10.0 10.0 0.9 0 -4.9959999999999996 0.7720000000000002 761
5000 5000 -10.0 10.0 -10.0 10.0 1.0 0 -7.72 7.920000000000002 849
5000 5000 -100.0 100.0 -100.0 100.0 0.1 0 -76.32 -87.36 175
5000 5000 -100.0 100.0 -100.0 100.0 0.2 0 10.159999999999997 -78.28 307
5000 5000 -100.0 100.0 -100.0 100.0 0.3 0 -62.96 67.88 417
5000 5000 -100.0 100.0 -100.0 100.0 0.4 0 -41.92 29.400000000000006 722
5000 5000 -100.0 100.0 -100.0 100.0 0.5 0 54.24000000000001 54.120000000000005 762
5000 5000 -100.0 100.0 -100.0 100.0 0.6 0 12.680000000000007 -5.920000000000002 808
5000 5000 -100.0 100.0 -100.0 100.0 0.7 0 48.44 -39.8 905
5000 5000 -100.0 100.0 -100.0 100.0 0.8 0 62.80000000000001 97.72 1036
5000 5000 -100.0 100.0 -100.0 100.0 0.9 0 64.12 7.200000000000003 1477
5000 5000 -100.0 100.0 -100.0 100.0 1.0 0 -78.0 82.47999999999999 1523
5000 5000 -1000.0 1000.0 -1000.0 1000.0 0.1 10000 2.0 4.0 138
5000 5000 -1000.0 1000.0 -1000.0 1000.0 0.2 10000 2.0 4.0 276
5000 5000 -1000.0 1000.0 -1000.0 1000.0 0.3 10000 2.0 4.0 492
5000 5000 -1000.0 1000.0 -1000.0 1000.0 0.4 10000 2.0 4.0 576
5000 5000 -1000.0 1000.0 -1000.0 1000.0 0.5 10000 2.0 4.0 834
5000 5000 -1000.0 1000.0 -1000.0 1000.0 0.6 10000 0.0 0.0 965
5000 5000 -1000.0 1000.0 -1000.0 1000.0 0.7 10000 2.0 4.0 982
5000 5000 -1000.0 1000.0 -1000.0 1000.0 0.8 10000 2.0 4.0 1062
5000 5000 -1000.0 1000.0 -1000.0 1000.0 0.9 10000 2.0 4.0 1099
5000 5000 -1000.0 1000.0 -1000.0 1000.0 1.0 10000 2.0 4.0 1205
5000 5000 -5000.0 5000.0 -5000.0 5000.0 0.1 10000 0.0 0.0 158
5000 5000 -5000.0 5000.0 -5000.0 5000.0 0.2 10000 0.0 0.0 343
5000 5000 -5000.0 5000.0 -5000.0 5000.0 0.3 10000 2.0 4.0 407
5000 5000 -5000.0 5000.0 -5000.0 5000.0 0.4 10000 0.0 0.0 535
5000 5000 -5000.0 5000.0 -5000.0 5000.0 0.5 10000 0.0 0.0 707
5000 5000 -5000.0 5000.0 -5000.0 5000.0 0.6 10000 2.0 4.0 799
5000 5000 -5000.0 5000.0 -5000.0 5000.0 0.7 10000 0.0 0.0 901
5000 5000 -5000.0 5000.0 -5000.0 5000.0 0.8 10000 2.0 4.0 1047
5000 5000 -5000.0 5000.0 -5000.0 5000.0 0.9 10000 0.0 0.0 1602
5000 5000 -5000.0 5000.0 -5000.0 5000.0 1.0 10000 0.0 0.0 1597
