Rows Columns Xmin Xmax Ymin Ymax Search_Density Global_Minimum Xpos Ypos Search_Time
5000 5000 -10.0 10.0 -10.0 10.0 0.3 -91126 4.704000000000001 6.283999999999999 5413
5000 5000 -10.0 10.0 -10.0 10.0 0.4 -91126 4.704000000000001 6.283999999999999 5799
5000 5000 -10.0 10.0 -10.0 10.0 0.5 -91126 4.720000000000001 6.283999999999999 5973
5000 5000 -10.0 10.0 -10.0 10.0 0.6 -91126 -1.58 6.283999999999999 5911
10 10 -10.0 10.0 -10.0 10.0 0.1 -32205 -8.0 6.0 0
10 10 -10.0 10.0 -10.0 10.0 0.2 -32205 -8.0 6.0 0
10 10 -10.0 10.0 -10.0 10.0 0.3 -32205 -8.0 6.0 0
10 10 -10.0 10.0 -10.0 10.0 0.4 -32205 -8.0 6.0 0
10 10 -10.0 10.0 -10.0 10.0 0.5 -32205 -8.0 6.0 0
10 10 -10.0 10.0 -10.0 10.0 0.6 -32205 -8.0 6.0 0
10 10 -10.0 10.0 -10.0 10.0 0.7 -32205 -8.0 6.0 0
10 10 -10.0 10.0 -10.0 10.0 0.8 -32205 -8.0 6.0 0
10 10 -10.0 10.0 -10.0 10.0 0.9 -32205 -8.0 6.0 1
10 10 -10.0 10.0 -10.0 10.0 1.0 -32205 -8.0 6.0 0
10 10 -100.0 100.0 -100.0 100.0 0.1 -1499 -80.0 0.0 0
10 10 -100.0 100.0 -100.0 100.0 0.2 -1499 -80.0 0.0 0
10 10 -100.0 100.0 -100.0 100.0 0.3 -1499 -80.0 0.0 0
10 10 -100.0 100.0 -100.0 100.0 0.4 -1499 -80.0 0.0 0
10 10 -100.0 100.0 -100.0 100.0 0.5 -1499 -80.0 0.0 0
10 10 -100.0 100.0 -100.0 100.0 0.6 -1499 -80.0 0.0 0
10 10 -100.0 100.0 -100.0 100.0 0.7 -1499 -80.0 0.0 0
10 10 -100.0 100.0 -100.0 100.0 0.8 -1499 -80.0 0.0 0
10 10 -100.0 100.0 -100.0 100.0 0.9 -1499 -80.0 0.0 0
10 10 -100.0 100.0 -100.0 100.0 1.0 -1499 -80.0 0.0 0
10 10 -1000.0 1000.0 -1000.0 1000.0 0.1 499 800.0 0.0 0
10 10 -1000.0 1000.0 -1000.0 1000.0 0.2 499 800.0 0.0 0
10 10 -1000.0 1000.0 -1000.0 1000.0 0.3 499 800.0 0.0 0
10 10 -1000.0 1000.0 -1000.0 1000.0 0.4 499 800.0 0.0 0
10 10 -1000.0 1000.0 -1000.0 1000.0 0.5 499 800.0 0.0 0
10 10 -1000.0 1000.0 -1000.0 1000.0 0.6 499 800.0 0.0 0
10 10 -1000.0 1000.0 -1000.0 1000.0 0.7 499 800.0 0.0 0
10 10 -1000.0 1000.0 -1000.0 1000.0 0.8 499 800.0 0.0 0
10 10 -1000.0 1000.0 -1000.0 1000.0 0.9 499 800.0 0.0 0
10 10 -1000.0 1000.0 -1000.0 1000.0 1.0 499 800.0 0.0 1
10 10 -5000.0 5000.0 -5000.0 5000.0 0.1 -1380 -5000.0 0.0 0
10 10 -5000.0 5000.0 -5000.0 5000.0 0.2 -1380 -5000.0 0.0 0
10 10 -5000.0 5000.0 -5000.0 5000.0 0.3 -1380 -5000.0 0.0 0
10 10 -5000.0 5000.0 -5000.0 5000.0 0.4 -1380 -5000.0 0.0 0
10 10 -5000.0 5000.0 -5000.0 5000.0 0.5 -1380 -5000.0 0.0 0
10 10 -5000.0 5000.0 -5000.0 5000.0 0.6 -1380 -5000.0 0.0 0
10 10 -5000.0 5000.0 -5000.0 5000.0 0.7 -1380 -5000.0 0.0 0
10 10 -5000.0 5000.0 -5000.0 5000.0 0.8 -1380 -5000.0 0.0 0
10 10 -5000.0 5000.0 -5000.0 5000.0 0.9 -1380 -5000.0 0.0 0
10 10 -5000.0 5000.0 -5000.0 5000.0 1.0 -1380 -5000.0 0.0 0
100 100 -10.0 10.0 -10.0 10.0 0.1 -44841 -1.5999999999999996 6.199999999999999 3
100 100 -10.0 10.0 -10.0 10.0 0.2 -44841 -1.5999999999999996 6.199999999999999 3
100 100 -10.0 10.0 -10.0 10.0 0.3 -44841 -1.5999999999999996 6.199999999999999 4
100 100 -10.0 10.0 -10.0 10.0 0.4 -44841 -1.5999999999999996 6.199999999999999 4
100 100 -10.0 10.0 -10.0 10.0 0.5 -44841 -1.5999999999999996 6.199999999999999 4
100 100 -10.0 10.0 -10.0 10.0 0.6 -44841 -1.5999999999999996 6.199999999999999 4
100 100 -10.0 10.0 -10.0 10.0 0.7 -44841 -1.5999999999999996 6.199999999999999 4
100 100 -10.0 10.0 -10.0 10.0 0.8 -44841 -1.5999999999999996 6.199999999999999 7
100 100 -10.0 10.0 -10.0 10.0 0.9 -44841 -1.5999999999999996 6.199999999999999 5
100 100 -10.0 10.0 -10.0 10.0 1.0 -44841 -1.5999999999999996 6.199999999999999 4
100 100 -100.0 100.0 -100.0 100.0 0.1 -32275 -58.0 6.0 2
100 100 -100.0 100.0 -100.0 100.0 0.2 -32295 80.0 6.0 3
100 100 -100.0 100.0 -100.0 100.0 0.3 -32295 80.0 6.0 3
100 100 -100.0 100.0 -100.0 100.0 0.4 -32295 80.0 6.0 3
100 100 -100.0 100.0 -100.0 100.0 0.5 -32295 80.0 6.0 3
100 100 -100.0 100.0 -100.0 100.0 0.6 -32295 80.0 6.0 3
100 100 -100.0 100.0 -100.0 100.0 0.7 -32295 80.0 6.0 3
100 100 -100.0 100.0 -100.0 100.0 0.8 -32295 80.0 6.0 4
100 100 -100.0 100.0 -100.0 100.0 0.9 -32295 80.0 6.0 4
100 100 -100.0 100.0 -100.0 100.0 1.0 -32295 80.0 6.0 4
100 100 -1000.0 1000.0 -1000.0 1000.0 0.1 -1616 -300.0 0.0 2
100 100 -1000.0 1000.0 -1000.0 1000.0 0.2 -1616 -300.0 0.0 2
100 100 -1000.0 1000.0 -1000.0 1000.0 0.3 -1616 -300.0 0.0 3
100 100 -1000.0 1000.0 -1000.0 1000.0 0.4 -1616 -300.0 0.0 3
100 100 -1000.0 1000.0 -1000.0 1000.0 0.5 -1616 -300.0 0.0 3
100 100 -1000.0 1000.0 -1000.0 1000.0 0.6 -1616 -300.0 0.0 4
100 100 -1000.0 1000.0 -1000.0 1000.0 0.7 -1616 -300.0 0.0 4
100 100 -1000.0 1000.0 -1000.0 1000.0 0.8 -1616 -300.0 0.0 3
100 100 -1000.0 1000.0 -1000.0 1000.0 0.9 -1616 -300.0 0.0 4
100 100 -1000.0 1000.0 -1000.0 1000.0 1.0 -1616 -300.0 0.0 2
100 100 -5000.0 5000.0 -5000.0 5000.0 0.1 -1616 -300.0 0.0 2
100 100 -5000.0 5000.0 -5000.0 5000.0 0.2 -1616 -300.0 0.0 3
100 100 -5000.0 5000.0 -5000.0 5000.0 0.3 -1616 -300.0 0.0 3
100 100 -5000.0 5000.0 -5000.0 5000.0 0.4 -1616 -300.0 0.0 2
100 100 -5000.0 5000.0 -5000.0 5000.0 0.5 -1616 -300.0 0.0 3
100 100 -5000.0 5000.0 -5000.0 5000.0 0.6 -1616 -300.0 0.0 4
100 100 -5000.0 5000.0 -5000.0 5000.0 0.7 -1616 -300.0 0.0 4
100 100 -5000.0 5000.0 -5000.0 5000.0 0.8 -1616 -300.0 0.0 3
100 100 -5000.0 5000.0 -5000.0 5000.0 0.9 -1616 -300.0 0.0 3
100 100 -5000.0 5000.0 -5000.0 5000.0 1.0 -1616 -300.0 0.0 3
1000 1000 -10.0 10.0 -10.0 10.0 0.1 -77491 -7.859999999999999 6.280000000000001 212
1000 1000 -10.0 10.0 -10.0 10.0 0.2 -77491 4.720000000000001 6.280000000000001 181
1000 1000 -10.0 10.0 -10.0 10.0 0.3 -77491 4.720000000000001 6.280000000000001 181
1000 1000 -10.0 10.0 -10.0 10.0 0.4 -77491 -1.58 6.280000000000001 187
1000 1000 -10.0 10.0 -10.0 10.0 0.5 -77491 -1.58 6.280000000000001 196
1000 1000 -10.0 10.0 -10.0 10.0 0.6 -77491 -1.58 6.280000000000001 197
5000 5000 -10.0 10.0 -10.0 10.0 0.7 -91126 -1.58 6.283999999999999 6064
1000 1000 -10.0 10.0 -10.0 10.0 0.7 -77491 4.720000000000001 6.280000000000001 207
1000 1000 -10.0 10.0 -10.0 10.0 0.8 -77491 4.720000000000001 6.280000000000001 289
1000 1000 -10.0 10.0 -10.0 10.0 0.9 -77491 -1.58 6.280000000000001 271
1000 1000 -10.0 10.0 -10.0 10.0 1.0 -77491 -1.58 6.280000000000001 247
1000 1000 -100.0 100.0 -100.0 100.0 0.1 -44849 -64.4 6.200000000000003 150
1000 1000 -100.0 100.0 -100.0 100.0 0.2 -44849 -64.4 6.200000000000003 178
1000 1000 -100.0 100.0 -100.0 100.0 0.3 -44849 86.4 6.200000000000003 191
1000 1000 -100.0 100.0 -100.0 100.0 0.4 -44849 86.4 6.200000000000003 195
1000 1000 -100.0 100.0 -100.0 100.0 0.5 -44849 11.0 6.200000000000003 200
1000 1000 -100.0 100.0 -100.0 100.0 0.6 -44849 -64.4 6.200000000000003 203
1000 1000 -100.0 100.0 -100.0 100.0 0.7 -44849 11.0 6.200000000000003 210
1000 1000 -100.0 100.0 -100.0 100.0 0.8 -44849 11.0 6.200000000000003 214
1000 1000 -100.0 100.0 -100.0 100.0 0.9 -44849 -64.4 6.200000000000003 211
1000 1000 -100.0 100.0 -100.0 100.0 1.0 -44849 -64.4 6.200000000000003 217
1000 1000 -1000.0 1000.0 -1000.0 1000.0 0.1 -32414 388.0 6.0 113
1000 1000 -1000.0 1000.0 -1000.0 1000.0 0.2 -32416 -366.0 6.0 163
1000 1000 -1000.0 1000.0 -1000.0 1000.0 0.3 -32416 -366.0 6.0 186
1000 1000 -1000.0 1000.0 -1000.0 1000.0 0.4 -32416 344.0 6.0 200
1000 1000 -1000.0 1000.0 -1000.0 1000.0 0.5 -32416 -366.0 6.0 208
1000 1000 -1000.0 1000.0 -1000.0 1000.0 0.6 -32416 -366.0 6.0 215
1000 1000 -1000.0 1000.0 -1000.0 1000.0 0.7 -32416 -366.0 6.0 224
1000 1000 -1000.0 1000.0 -1000.0 1000.0 0.8 -32416 344.0 6.0 228
1000 1000 -1000.0 1000.0 -1000.0 1000.0 0.9 -32416 -366.0 6.0 243
1000 1000 -1000.0 1000.0 -1000.0 1000.0 1.0 -32416 344.0 6.0 257
1000 1000 -5000.0 5000.0 -5000.0 5000.0 0.1 -1616 -1010.0 0.0 111
1000 1000 -5000.0 5000.0 -5000.0 5000.0 0.2 -1616 1830.0 0.0 171
1000 1000 -5000.0 5000.0 -5000.0 5000.0 0.3 -1616 -4560.0 0.0 201
5000 5000 -10.0 10.0 -10.0 10.0 0.8 -91126 -1.58 6.283999999999999 5465
1000 1000 -5000.0 5000.0 -5000.0 5000.0 0.4 -1616 -3140.0 0.0 229
1000 1000 -5000.0 5000.0 -5000.0 5000.0 0.5 -1616 410.0 0.0 307
1000 1000 -5000.0 5000.0 -5000.0 5000.0 0.6 -1616 3960.0 0.0 267
1000 1000 -5000.0 5000.0 -5000.0 5000.0 0.7 -1616 3960.0 0.0 314
1000 1000 -5000.0 5000.0 -5000.0 5000.0 0.8 -1616 -300.0 0.0 316
1000 1000 -5000.0 5000.0 -5000.0 5000.0 0.9 -1616 1830.0 0.0 254
1000 1000 -5000.0 5000.0 -5000.0 5000.0 1.0 -1616 -1720.0 0.0 222
5000 5000 -10.0 10.0 -10.0 10.0 0.1 -91126 -1.58 6.283999999999999 4886
5000 5000 -10.0 10.0 -10.0 10.0 0.9 -91126 -1.58 6.283999999999999 5806
5000 5000 -10.0 10.0 -10.0 10.0 0.2 -91126 4.720000000000001 6.283999999999999 5452
5000 5000 -10.0 10.0 -10.0 10.0 1.0 -91126 -1.58 6.283999999999999 6521
5000 5000 -10.0 10.0 -10.0 10.0 0.3 -91126 4.720000000000001 6.283999999999999 5234
5000 5000 -100.0 100.0 -100.0 100.0 0.1 -77492 -58.12 6.280000000000001 5295
5000 5000 -10.0 10.0 -10.0 10.0 0.4 -91126 -1.58 6.283999999999999 5346
5000 5000 -100.0 100.0 -100.0 100.0 0.2 -77492 17.28 6.280000000000001 5618
5000 5000 -10.0 10.0 -10.0 10.0 0.5 -91126 4.704000000000001 6.283999999999999 5524
5000 5000 -100.0 100.0 -100.0 100.0 0.3 -77492 -58.12 6.280000000000001 6069
5000 5000 -10.0 10.0 -10.0 10.0 0.6 -91126 4.720000000000001 6.283999999999999 5744
5000 5000 -100.0 100.0 -100.0 100.0 0.4 -77492 98.96000000000001 6.280000000000001 6219
5000 5000 -10.0 10.0 -10.0 10.0 0.7 -91126 -1.564 6.283999999999999 6113
5000 5000 -100.0 100.0 -100.0 100.0 0.5 -77492 -58.12 6.280000000000001 6456
5000 5000 -10.0 10.0 -10.0 10.0 0.8 -91126 4.720000000000001 6.283999999999999 6146
5000 5000 -100.0 100.0 -100.0 100.0 0.6 -77492 -58.12 6.280000000000001 6965
5000 5000 -10.0 10.0 -10.0 10.0 0.9 -91126 -1.58 6.283999999999999 6363
5000 5000 -100.0 100.0 -100.0 100.0 0.7 -77492 23.560000000000002 6.280000000000001 6843
5000 5000 -10.0 10.0 -10.0 10.0 1.0 -91126 4.720000000000001 6.283999999999999 6571
5000 5000 -100.0 100.0 -100.0 100.0 0.8 -77492 17.28 6.280000000000001 6674
5000 5000 -100.0 100.0 -100.0 100.0 0.1 -77492 23.560000000000002 6.280000000000001 5536
5000 5000 -100.0 100.0 -100.0 100.0 0.9 -77492 17.28 6.280000000000001 6689
5000 5000 -100.0 100.0 -100.0 100.0 0.2 -77492 23.560000000000002 6.280000000000001 5592
5000 5000 -100.0 100.0 -100.0 100.0 0.3 -77492 23.560000000000002 6.280000000000001 5993
5000 5000 -100.0 100.0 -100.0 100.0 1.0 -77492 -58.12 6.280000000000001 7140
5000 5000 -500.0 500.0 -500.0 500.0 0.1 -44849 11.0 6.2000000000000455 4537
5000 5000 -100.0 100.0 -100.0 100.0 0.4 -77492 -58.12 6.280000000000001 6015
5000 5000 -500.0 500.0 -500.0 500.0 0.2 -44849 419.4000000000001 6.2000000000000455 5654
5000 5000 -100.0 100.0 -100.0 100.0 0.5 -77492 17.28 6.280000000000001 6288
5000 5000 -500.0 500.0 -500.0 500.0 0.3 -44849 -290.6 6.2000000000000455 6521
5000 5000 -100.0 100.0 -100.0 100.0 0.6 -77492 -58.12 6.280000000000001 6437
5000 5000 -500.0 500.0 -500.0 500.0 0.4 -44849 344.0 6.2000000000000455 6737
5000 5000 -100.0 100.0 -100.0 100.0 0.7 -77492 23.560000000000002 6.280000000000001 6850
5000 5000 -500.0 500.0 -500.0 500.0 0.5 -44849 494.80000000000007 6.2000000000000455 7202
5000 5000 -100.0 100.0 -100.0 100.0 0.8 -77492 98.96000000000001 6.280000000000001 6935
5000 5000 -500.0 500.0 -500.0 500.0 0.6 -44849 -64.39999999999998 6.2000000000000455 7517
5000 5000 -100.0 100.0 -100.0 100.0 0.9 -77492 -58.12 6.280000000000001 7217
5000 5000 -500.0 500.0 -500.0 500.0 0.7 -44849 -64.39999999999998 6.2000000000000455 7680
5000 5000 -100.0 100.0 -100.0 100.0 1.0 -77492 -58.12 6.280000000000001 7357
5000 5000 -1000.0 1000.0 -1000.0 1000.0 0.1 -41437 -366.0 6.400000000000091 3958
5000 5000 -500.0 500.0 -500.0 500.0 0.8 -44849 11.0 6.2000000000000455 7614
5000 5000 -1000.0 1000.0 -1000.0 1000.0 0.2 -41437 -623.5999999999999 6.400000000000091 6650
5000 5000 -500.0 500.0 -500.0 500.0 0.9 -44849 419.4000000000001 6.2000000000000455 8435
5000 5000 -1000.0 1000.0 -1000.0 1000.0 0.3 -41437 645.6000000000001 6.400000000000091 7402
5000 5000 -1000.0 1000.0 -1000.0 1000.0 0.4 -41437 -925.2 6.400000000000091 7286
5000 5000 -500.0 500.0 -500.0 500.0 1.0 -44849 -139.79999999999995 6.2000000000000455 9305
5000 5000 -1000.0 1000.0 -1000.0 1000.0 0.1 -41437 -64.39999999999998 6.400000000000091 3996
5000 5000 -1000.0 1000.0 -1000.0 1000.0 0.5 -41437 494.8000000000002 6.400000000000091 7769
5000 5000 -1000.0 1000.0 -1000.0 1000.0 0.6 -41437 344.0 6.400000000000091 7724
5000 5000 -1000.0 1000.0 -1000.0 1000.0 0.7 -41437 -925.2 6.400000000000091 8233
5000 5000 -1000.0 1000.0 -1000.0 1000.0 0.8 -41437 796.4000000000001 6.400000000000091 8506
5000 5000 -1000.0 1000.0 -1000.0 1000.0 0.9 -41437 -623.5999999999999 6.400000000000091 8577
5000 5000 -1000.0 1000.0 -1000.0 1000.0 1.0 -41437 494.8000000000002 6.400000000000091 7889
5000 5000 -5000.0 5000.0 -5000.0 5000.0 0.1 -32416 -4626.0 6.0 4033
5000 5000 -5000.0 5000.0 -5000.0 5000.0 0.2 -32416 4604.0 6.0 5799
5000 5000 -5000.0 5000.0 -5000.0 5000.0 0.3 -32416 -3206.0 6.0 6730
5000 5000 -5000.0 5000.0 -5000.0 5000.0 0.4 -32416 3184.0 6.0 7072
5000 5000 -5000.0 5000.0 -5000.0 5000.0 0.5 -32416 -3206.0 6.0 7587
5000 5000 -5000.0 5000.0 -5000.0 5000.0 0.6 -32416 -1076.0 6.0 7840
5000 5000 -5000.0 5000.0 -5000.0 5000.0 0.7 -32416 -3916.0 6.0 8098
5000 5000 -5000.0 5000.0 -5000.0 5000.0 0.8 -32416 1764.0 6.0 8246
5000 5000 -5000.0 5000.0 -5000.0 5000.0 0.9 -32416 3894.0 6.0 8040
5000 5000 -5000.0 5000.0 -5000.0 5000.0 1.0 -32416 -3206.0 6.0 8692