Rows Columns Xmin Xmax Ymin Ymax Search_Density Global_Minimum Xpos Ypos Search_Time
10 10 -10.0 10.0 -10.0 10.0 0.1 10000 0.0 0.0 1
10 10 -10.0 10.0 -10.0 10.0 0.2 10000 0.0 0.0 1
10 10 -10.0 10.0 -10.0 10.0 0.3 10000 0.0 0.0 0
10 10 -10.0 10.0 -10.0 10.0 0.4 10000 2.0 4.0 1
10 10 -10.0 10.0 -10.0 10.0 0.5 10000 0.0 0.0 0
10 10 -10.0 10.0 -10.0 10.0 0.6 10000 0.0 0.0 1
10 10 -10.0 10.0 -10.0 10.0 0.7 10000 0.0 0.0 0
10 10 -10.0 10.0 -10.0 10.0 0.8 10000 0.0 0.0 1
10 10 -10.0 10.0 -10.0 10.0 0.9 10000 0.0 0.0 0
10 10 -10.0 10.0 -10.0 10.0 1.0 10000 2.0 4.0 1
10 10 -100.0 100.0 -100.0 100.0 0.1 2147483647 80.0 20.0 0
10 10 -100.0 100.0 -100.0 100.0 0.2 10000 0.0 0.0 2
10 10 -100.0 100.0 -100.0 100.0 0.3 10000 0.0 0.0 1
10 10 -100.0 100.0 -100.0 100.0 0.4 10000 0.0 0.0 0
10 10 -100.0 100.0 -100.0 100.0 0.5 10000 0.0 0.0 0
10 10 -100.0 100.0 -100.0 100.0 0.6 10000 0.0 0.0 1
10 10 -100.0 100.0 -100.0 100.0 0.7 10000 0.0 0.0 1
10 10 -100.0 100.0 -100.0 100.0 0.8 10000 0.0 0.0 1
10 10 -100.0 100.0 -100.0 100.0 0.9 10000 0.0 0.0 1
10 10 -100.0 100.0 -100.0 100.0 1.0 10000 0.0 0.0 4
10 10 -1000.0 1000.0 -1000.0 1000.0 0.1 2147483647 -400.0 -800.0 1
10 10 -1000.0 1000.0 -1000.0 1000.0 0.2 2147483647 600.0 -600.0 1
10 10 -1000.0 1000.0 -1000.0 1000.0 0.3 2147483647 -800.0 400.0 0
10 10 -1000.0 1000.0 -1000.0 1000.0 0.4 10000 0.0 0.0 1
10 10 -1000.0 1000.0 -1000.0 1000.0 0.5 10000 0.0 0.0 1
10 10 -1000.0 1000.0 -1000.0 1000.0 0.6 10000 0.0 0.0 0
10 10 -1000.0 1000.0 -1000.0 1000.0 0.7 10000 0.0 0.0 0
10 10 -1000.0 1000.0 -1000.0 1000.0 0.8 10000 0.0 0.0 3
10 10 -1000.0 1000.0 -1000.0 1000.0 0.9 10000 0.0 0.0 0
10 10 -1000.0 1000.0 -1000.0 1000.0 1.0 10000 0.0 0.0 1
10 10 -5000.0 5000.0 -5000.0 5000.0 0.1 2147483647 -5000.0 -4000.0 1
10 10 -5000.0 5000.0 -5000.0 5000.0 0.2 10000 0.0 0.0 1
10 10 -5000.0 5000.0 -5000.0 5000.0 0.3 10000 0.0 0.0 1
10 10 -5000.0 5000.0 -5000.0 5000.0 0.4 10000 0.0 0.0 0
10 10 -5000.0 5000.0 -5000.0 5000.0 0.5 10000 0.0 0.0 1
10 10 -5000.0 5000.0 -5000.0 5000.0 0.6 10000 0.0 0.0 1
10 10 -5000.0 5000.0 -5000.0 5000.0 0.7 10000 0.0 0.0 1
10 10 -5000.0 5000.0 -5000.0 5000.0 0.8 10000 0.0 0.0 1
10 10 -5000.0 5000.0 -5000.0 5000.0 0.9 10000 0.0 0.0 1
10 10 -5000.0 5000.0 -5000.0 5000.0 1.0 10000 0.0 0.0 0
100 100 -10.0 10.0 -10.0 10.0 0.1 0 9.0 5.0 1
100 100 -10.0 10.0 -10.0 10.0 0.2 0 8.8 6.800000000000001 1
100 100 -10.0 10.0 -10.0 10.0 0.3 0 9.8 -1.1999999999999993 1
100 100 -10.0 10.0 -10.0 10.0 0.4 0 -7.6 7.600000000000001 0
100 100 -10.0 10.0 -10.0 10.0 0.5 0 8.400000000000002 6.199999999999999 1
100 100 -10.0 10.0 -10.0 10.0 0.6 0 3.200000000000001 9.8 1
100 100 -10.0 10.0 -10.0 10.0 0.7 0 8.600000000000001 -4.3999999999999995 1
100 100 -10.0 10.0 -10.0 10.0 0.8 0 -6.8 -6.199999999999999 1
100 100 -10.0 10.0 -10.0 10.0 0.9 0 -8.8 -2.3999999999999995 1
100 100 -10.0 10.0 -10.0 10.0 1.0 0 6.800000000000001 -3.1999999999999993 1
100 100 -100.0 100.0 -100.0 100.0 0.1 10000 2.0 4.0 1
100 100 -100.0 100.0 -100.0 100.0 0.2 10000 0.0 0.0 1
100 100 -100.0 100.0 -100.0 100.0 0.3 10000 0.0 0.0 2
100 100 -100.0 100.0 -100.0 100.0 0.4 10000 0.0 0.0 7
100 100 -100.0 100.0 -100.0 100.0 0.5 10000 0.0 0.0 1
100 100 -100.0 100.0 -100.0 100.0 0.6 10000 0.0 0.0 6
100 100 -100.0 100.0 -100.0 100.0 0.7 10000 0.0 0.0 1
100 100 -100.0 100.0 -100.0 100.0 0.8 10000 0.0 0.0 1
100 100 -100.0 100.0 -100.0 100.0 0.9 10000 0.0 0.0 1
100 100 -100.0 100.0 -100.0 100.0 1.0 10000 0.0 0.0 0
100 100 -1000.0 1000.0 -1000.0 1000.0 0.1 10000 0.0 0.0 4
100 100 -1000.0 1000.0 -1000.0 1000.0 0.2 10000 0.0 0.0 0
100 100 -1000.0 1000.0 -1000.0 1000.0 0.3 10000 0.0 0.0 1
100 100 -1000.0 1000.0 -1000.0 1000.0 0.4 10000 0.0 0.0 0
100 100 -1000.0 1000.0 -1000.0 1000.0 0.5 10000 0.0 0.0 1
100 100 -1000.0 1000.0 -1000.0 1000.0 0.6 10000 0.0 0.0 2
100 100 -1000.0 1000.0 -1000.0 1000.0 0.7 10000 0.0 0.0 1
100 100 -1000.0 1000.0 -1000.0 1000.0 0.8 10000 0.0 0.0 0
100 100 -1000.0 1000.0 -1000.0 1000.0 0.9 10000 0.0 0.0 3
100 100 -1000.0 1000.0 -1000.0 1000.0 1.0 10000 0.0 0.0 1
100 100 -5000.0 5000.0 -5000.0 5000.0 0.1 10000 0.0 0.0 1
100 100 -5000.0 5000.0 -5000.0 5000.0 0.2 10000 0.0 0.0 1
100 100 -5000.0 5000.0 -5000.0 5000.0 0.3 10000 0.0 0.0 0
100 100 -5000.0 5000.0 -5000.0 5000.0 0.4 10000 0.0 0.0 0
100 100 -5000.0 5000.0 -5000.0 5000.0 0.5 10000 0.0 0.0 1
100 100 -5000.0 5000.0 -5000.0 5000.0 0.6 10000 0.0 0.0 0
100 100 -5000.0 5000.0 -5000.0 5000.0 0.7 10000 0.0 0.0 1
100 100 -5000.0 5000.0 -5000.0 5000.0 0.8 10000 0.0 0.0 1
100 100 -5000.0 5000.0 -5000.0 5000.0 0.9 10000 0.0 0.0 2
100 100 -5000.0 5000.0 -5000.0 5000.0 1.0 10000 0.0 0.0 1
1000 1000 -10.0 10.0 -10.0 10.0 0.1 0 -3.16 3.0999999999999996 21
1000 1000 -10.0 10.0 -10.0 10.0 0.2 0 4.140000000000001 2.380000000000001 26
1000 1000 -10.0 10.0 -10.0 10.0 0.3 0 -4.58 -6.82 31
1000 1000 -10.0 10.0 -10.0 10.0 0.4 0 7.32 -4.96 51
1000 1000 -10.0 10.0 -10.0 10.0 0.5 0 -0.2599999999999998 -4.9799999999999995 41
1000 1000 -10.0 10.0 -10.0 10.0 0.6 0 7.34 7.780000000000001 42
1000 1000 -10.0 10.0 -10.0 10.0 0.7 0 7.98 -1.0399999999999991 35
1000 1000 -10.0 10.0 -10.0 10.0 0.8 0 8.14 4.220000000000001 36
1000 1000 -10.0 10.0 -10.0 10.0 0.9 0 -8.48 4.9399999999999995 41
1000 1000 -10.0 10.0 -10.0 10.0 1.0 0 5.02 -7.24 31
1000 1000 -100.0 100.0 -100.0 100.0 0.1 0 99.20000000000002 36.20000000000002 11
1000 1000 -100.0 100.0 -100.0 100.0 0.2 0 -82.6 44.80000000000001 37
1000 1000 -100.0 100.0 -100.0 100.0 0.3 0 -96.8 26.60000000000001 35
1000 1000 -100.0 100.0 -100.0 100.0 0.4 0 74.60000000000002 93.80000000000001 44
1000 1000 -100.0 100.0 -100.0 100.0 0.5 0 -25.599999999999994 23.400000000000006 41
1000 1000 -100.0 100.0 -100.0 100.0 0.6 0 -96.2 -57.8 52
1000 1000 -100.0 100.0 -100.0 100.0 0.7 0 6.200000000000003 18.400000000000006 54
1000 1000 -100.0 100.0 -100.0 100.0 0.8 0 64.60000000000002 62.80000000000001 59
1000 1000 -100.0 100.0 -100.0 100.0 0.9 0 -67.19999999999999 75.4 68
1000 1000 -100.0 100.0 -100.0 100.0 1.0 0 -14.0 88.20000000000002 63
1000 1000 -1000.0 1000.0 -1000.0 1000.0 0.1 10000 0.0 0.0 12
1000 1000 -1000.0 1000.0 -1000.0 1000.0 0.2 10000 0.0 0.0 21
1000 1000 -1000.0 1000.0 -1000.0 1000.0 0.3 10000 0.0 0.0 30
1000 1000 -1000.0 1000.0 -1000.0 1000.0 0.4 10000 2.0 4.0 38
1000 1000 -1000.0 1000.0 -1000.0 1000.0 0.5 10000 0.0 0.0 37
1000 1000 -1000.0 1000.0 -1000.0 1000.0 0.6 10000 2.0 4.0 74
1000 1000 -1000.0 1000.0 -1000.0 1000.0 0.7 10000 2.0 4.0 52
1000 1000 -1000.0 1000.0 -1000.0 1000.0 0.8 10000 2.0 4.0 67
1000 1000 -1000.0 1000.0 -1000.0 1000.0 0.9 10000 2.0 4.0 56
1000 1000 -1000.0 1000.0 -1000.0 1000.0 1.0 10000 0.0 0.0 65
1000 1000 -5000.0 5000.0 -5000.0 5000.0 0.1 10000 0.0 0.0 11
1000 1000 -5000.0 5000.0 -5000.0 5000.0 0.2 10000 0.0 0.0 18
1000 1000 -5000.0 5000.0 -5000.0 5000.0 0.3 10000 0.0 0.0 29
1000 1000 -5000.0 5000.0 -5000.0 5000.0 0.4 10000 0.0 0.0 57
1000 1000 -5000.0 5000.0 -5000.0 5000.0 0.5 10000 0.0 0.0 46
1000 1000 -5000.0 5000.0 -5000.0 5000.0 0.6 10000 0.0 0.0 69
1000 1000 -5000.0 5000.0 -5000.0 5000.0 0.7 10000 0.0 0.0 51
1000 1000 -5000.0 5000.0 -5000.0 5000.0 0.8 10000 0.0 0.0 57
1000 1000 -5000.0 5000.0 -5000.0 5000.0 0.9 10000 0.0 0.0 57
1000 1000 -5000.0 5000.0 -5000.0 5000.0 1.0 10000 0.0 0.0 58
5000 5000 -10.0 10.0 -10.0 10.0 0.1 0 -3.5679999999999996 1.9239999999999995 643
5000 5000 -10.0 10.0 -10.0 10.0 0.2 0 0.7080000000000002 -8.628 683
5000 5000 -10.0 10.0 -10.0 10.0 0.3 0 0.2320000000000011 -6.32 755
5000 5000 -10.0 10.0 -10.0 10.0 0.4 0 4.116 9.424 921
5000 5000 -10.0 10.0 -10.0 10.0 0.5 0 -1.9879999999999995 -4.068 1115
5000 5000 -10.0 10.0 -10.0 10.0 0.6 0 5.460000000000001 -7.384 1044
5000 5000 -10.0 10.0 -10.0 10.0 0.7 0 -8.736 -9.528 1200
5000 5000 -10.0 10.0 -10.0 10.0 0.8 0 6.268000000000001 -6.843999999999999 1237
5000 5000 -10.0 10.0 -10.0 10.0 0.9 0 -6.8759999999999994 6.02 1318
5000 5000 -10.0 10.0 -10.0 10.0 1.0 0 9.036000000000001 6.539999999999999 1238
5000 5000 -100.0 100.0 -100.0 100.0 0.1 0 73.88 70.64000000000001 312
5000 5000 -100.0 100.0 -100.0 100.0 0.2 0 -5.719999999999999 46.68000000000001 586
5000 5000 -100.0 100.0 -100.0 100.0 0.3 0 46.80000000000001 38.28 810
5000 5000 -100.0 100.0 -100.0 100.0 0.4 0 86.88 -84.56 1082
5000 5000 -100.0 100.0 -100.0 100.0 0.5 0 33.08000000000001 89.32 1223
5000 5000 -100.0 100.0 -100.0 100.0 0.6 0 97.48000000000002 98.16 1439
5000 5000 -100.0 100.0 -100.0 100.0 0.7 0 -20.200000000000003 -80.6 1805
5000 5000 -100.0 100.0 -100.0 100.0 0.8 0 -21.840000000000003 45.0 1859
5000 5000 -100.0 100.0 -100.0 100.0 0.9 0 -23.39999999999999 86.16 1967
5000 5000 -100.0 100.0 -100.0 100.0 1.0 0 64.24000000000001 -81.92 2228
5000 5000 -1000.0 1000.0 -1000.0 1000.0 0.1 10000 2.0 4.0 333
5000 5000 -1000.0 1000.0 -1000.0 1000.0 0.2 10000 0.0 0.0 661
5000 5000 -1000.0 1000.0 -1000.0 1000.0 0.3 10000 0.0 0.0 947
5000 5000 -1000.0 1000.0 -1000.0 1000.0 0.4 10000 2.0 4.0 1148
5000 5000 -1000.0 1000.0 -1000.0 1000.0 0.5 10000 2.0 4.0 1567
5000 5000 -1000.0 1000.0 -1000.0 1000.0 0.6 10000 2.0 4.0 1503
5000 5000 -1000.0 1000.0 -1000.0 1000.0 0.7 10000 2.0 4.0 1663
5000 5000 -1000.0 1000.0 -1000.0 1000.0 0.8 10000 0.0 0.0 1939
5000 5000 -1000.0 1000.0 -1000.0 1000.0 0.9 10000 2.0 4.0 2150
5000 5000 -1000.0 1000.0 -1000.0 1000.0 1.0 10000 0.0 0.0 2220
5000 5000 -5000.0 5000.0 -5000.0 5000.0 0.1 10000 0.0 0.0 324
5000 5000 -5000.0 5000.0 -5000.0 5000.0 0.2 10000 0.0 0.0 581
5000 5000 -5000.0 5000.0 -5000.0 5000.0 0.3 10000 2.0 4.0 810
5000 5000 -5000.0 5000.0 -5000.0 5000.0 0.4 10000 0.0 0.0 1095
5000 5000 -5000.0 5000.0 -5000.0 5000.0 0.5 10000 0.0 0.0 1304
5000 5000 -5000.0 5000.0 -5000.0 5000.0 0.6 10000 2.0 4.0 1566
5000 5000 -5000.0 5000.0 -5000.0 5000.0 0.7 10000 0.0 0.0 1554
5000 5000 -5000.0 5000.0 -5000.0 5000.0 0.8 10000 0.0 0.0 1871
5000 5000 -5000.0 5000.0 -5000.0 5000.0 0.9 10000 2.0 4.0 1954
5000 5000 -5000.0 5000.0 -5000.0 5000.0 1.0 10000 2.0 4.0 2145
